"x" "y" "resampled_gain"
"1" 39.4863098043539 12.9998148185976 9
"2" 39.557559758651 12.9000638821956 9
"3" 39.557559758651 12.899313875155 9
"4" 39.5590597576888 12.8978138610737 9
"5" 39.5590597576888 12.8970638540331 9
"6" 39.5598097572078 12.8970638540331 9
"7" 39.5605597567267 12.8963138469925 9
"8" 39.5605597567267 12.8955638399519 9
"9" 39.5613097562456 12.8955638399519 9
"10" 39.5620597557645 12.8955638399519 9
"11" 39.566559752878 12.8940638258706 9
"12" 39.5650597538402 12.89331381883 9
"13" 39.5658097533591 12.89331381883 9
"14" 39.5658097533591 12.8925638117894 9
"15" 39.5275597778943 12.8693135935303 9
"16" 39.5380597711592 12.8610635160835 9
"17" 39.5388097706781 12.8610635160835 9
"18" 39.557559758651 12.8603135090429 9
"19" 39.5200597827052 12.858063487921 9
"20" 39.5523097620186 12.8535634456773 9
"21" 39.5448097668294 12.8460633752712 9
"22" 39.5433097677916 12.8453133682305 9
"23" 39.5433097677916 12.8445633611899 9
"24" 37.5475610479534 12.7493124670316 9
"25" 39.5200597827052 12.6660616855232 9
"26" 39.5178097841484 12.6653116784825 9
"27" 39.4555598240783 12.6578116080764 9
"28" 39.4375598356243 12.4898100309782 9
"29" 39.421809845727 11.983555278562 9
"30" 39.4225598452459 11.983555278562 9
"31" 39.3603098851758 11.9550550110185 9
"32" 39.4743098120512 11.797553532489 9
"33" 39.4773098101269 11.797553532489 9
"34" 38.4018104999999 11.7473030607677 9
"35" 38.337310541373 11.7443030326052 9
"36" 38.337310541373 11.7435530255646 9
"37" 38.4843104470807 11.7323029199554 9
"38" 39.5598097572078 11.7150527580212 9
"39" 38.4873104451564 11.6843024693559 9
"40" 38.2503105971786 11.6205518709035 9
"41" 38.2495605976597 11.6198018638629 9
"42" 39.6078097264185 11.2875487448697 9
"43" 39.2245599722519 11.2275481816203 9
"44" 39.5320597750078 11.0610466186034 9
"45" 39.5328097745267 11.058046590441 9
"46" 39.5403097697159 11.0572965834003 9
"47" 39.5350597730835 11.0557965693191 9
"48" 39.5605597567267 11.0100461398415 9
"49" 39.5590597576888 11.0047960905572 9
"50" 38.1370606698222 10.6927931616606 9
"51" 37.7448109214286 10.69204315462 9
"52" 38.1363106703032 10.69204315462 9
"53" 38.1355606707843 10.6912931475794 9
"54" 38.1363106703032 10.6912931475794 9
"55" 38.1340606717465 10.6905431405388 9
"56" 38.1348106712654 10.6905431405388 9
"57" 38.1348106712654 10.6897931334982 9
"58" 38.1340606717465 10.6890431264575 9
"59" 39.6558096956291 10.6747929926858 9
"60" 36.0498120086761 10.5150414930345 9
"61" 39.6775596816777 10.3665400989924 9
"62" 37.6975609517368 10.3492899370582 9
"63" 39.7593096292397 10.0410370433647 9
"64" 39.7600596287586 10.0410370433647 9
"65" 39.7623096273154 10.0395370292835 9
"66" 39.7608096282775 10.036537001121 9
"67" 39.7045596643587 9.96003628297811 9
"68" 39.7323096465587 9.93978609288145 9
"69" 39.7270596499263 9.91878589574419 9
"70" 37.3458111773647 9.91728588166295 9
"71" 37.3488111754404 9.91653587462234 9
"72" 39.7518096340505 9.87678550146965 9
"73" 39.7525596335694 9.86853542402287 9
"74" 39.7533096330884 9.86778541698225 9
"75" 39.7533096330884 9.86703540994163 9
"76" 39.7533096330884 9.86628540290102 9
"77" 39.7540596326073 9.8655353958604 9
"78" 39.7540596326073 9.86478538881978 9
"79" 39.7548096321262 9.86478538881978 9
"80" 39.7578096302019 9.86253536769793 9
"81" 39.7585596297208 9.86253536769793 9
"82" 39.6828096783102 9.78828467067688 9
"83" 39.6835596778291 9.78828467067688 9
"84" 39.684309677348 9.78828467067688 9
"85" 39.6850596768669 9.78828467067688 9
"86" 39.6798096802345 9.78753466363626 9
"87" 39.6820596787912 9.78753466363626 9
"88" 39.6828096783102 9.78753466363626 9
"89" 39.6835596778291 9.78753466363626 9
"90" 39.684309677348 9.78753466363626 9
"91" 39.6850596768669 9.78753466363626 9
"92" 39.6858096763858 9.78753466363626 9
"93" 39.6798096802345 9.78678465659565 9
"94" 39.6820596787912 9.78678465659565 9
"95" 39.6828096783102 9.78678465659565 9
"96" 39.6835596778291 9.78678465659565 9
"97" 39.684309677348 9.78678465659565 9
"98" 39.6850596768669 9.78678465659565 9
"99" 39.6858096763858 9.78678465659565 9
"100" 39.6790596807156 9.78603464955503 9
"101" 39.6798096802345 9.78603464955503 9
"102" 39.6805596797534 9.78603464955503 9
"103" 39.6820596787912 9.78603464955503 9
"104" 39.6828096783102 9.78603464955503 9
"105" 39.6835596778291 9.78603464955503 9
"106" 39.6850596768669 9.78603464955503 9
"107" 39.6858096763858 9.78603464955503 9
"108" 39.6865596759047 9.78603464955503 9
"109" 39.6775596816777 9.78528464251441 9
"110" 39.6790596807156 9.78528464251441 9
"111" 39.6813096792723 9.78528464251441 9
"112" 39.684309677348 9.78528464251441 9
"113" 39.6858096763858 9.78528464251441 9
"114" 39.6865596759047 9.78528464251441 9
"115" 39.6775596816777 9.7845346354738 9
"116" 39.6783096811967 9.7845346354738 9
"117" 39.6790596807156 9.7845346354738 9
"118" 39.6835596778291 9.7845346354738 9
"119" 39.684309677348 9.7845346354738 9
"120" 39.6858096763858 9.7845346354738 9
"121" 39.6865596759047 9.7845346354738 9
"122" 39.6873096754237 9.7845346354738 9
"123" 39.6790596807156 9.78378462843318 9
"124" 39.6798096802345 9.78378462843318 9
"125" 39.6805596797534 9.78378462843318 9
"126" 39.6813096792723 9.78378462843318 9
"127" 39.6850596768669 9.78378462843318 9
"128" 39.6865596759047 9.78378462843318 9
"129" 39.6873096754237 9.78378462843318 9
"130" 39.6880596749426 9.78378462843318 9
"131" 39.6790596807156 9.78303462139256 9
"132" 39.6798096802345 9.78303462139256 9
"133" 39.6805596797534 9.78303462139256 9
"134" 39.6813096792723 9.78303462139256 9
"135" 39.6820596787912 9.78303462139256 9
"136" 39.6828096783102 9.78303462139256 9
"137" 39.6850596768669 9.78303462139256 9
"138" 39.6858096763858 9.78303462139256 9
"139" 39.6805596797534 9.78228461435195 9
"140" 39.6813096792723 9.78228461435195 9
"141" 39.6820596787912 9.78228461435195 9
"142" 39.6828096783102 9.78228461435195 9
"143" 39.6850596768669 9.78228461435195 9
"144" 39.6858096763858 9.78228461435195 9
"145" 39.6865596759047 9.78228461435195 9
"146" 39.6768096821588 9.78153460731133 9
"147" 39.6760596826399 9.78078460027071 9
"148" 39.6768096821588 9.78078460027071 9
"149" 39.6775596816777 9.78078460027071 9
"150" 39.6760596826399 9.7800345932301 9
"151" 39.6768096821588 9.7800345932301 9
"152" 39.6775596816777 9.7800345932301 9
"153" 39.6783096811967 9.7800345932301 9
"154" 39.6790596807156 9.7800345932301 9
"155" 39.6798096802345 9.7800345932301 9
"156" 39.6805596797534 9.7800345932301 9
"157" 39.6813096792723 9.7800345932301 9
"158" 39.6820596787912 9.7800345932301 9
"159" 39.6760596826399 9.77928458618948 9
"160" 39.6768096821588 9.77928458618948 9
"161" 39.6775596816777 9.77928458618948 9
"162" 39.6790596807156 9.77928458618948 9
"163" 39.6798096802345 9.77928458618948 9
"164" 39.6805596797534 9.77928458618948 9
"165" 39.6813096792723 9.77928458618948 9
"166" 39.6820596787912 9.77928458618948 9
"167" 39.6768096821588 9.77853457914886 9
"168" 39.6775596816777 9.77853457914886 9
"169" 39.6783096811967 9.77853457914886 9
"170" 39.6790596807156 9.77853457914886 9
"171" 39.6805596797534 9.77853457914886 9
"172" 39.6813096792723 9.77853457914886 9
"173" 39.6760596826399 9.77778457210825 9
"174" 39.6768096821588 9.77778457210825 9
"175" 39.6775596816777 9.77778457210825 9
"176" 39.6783096811967 9.77778457210825 9
"177" 39.6790596807156 9.77778457210825 9
"178" 39.6798096802345 9.77778457210825 9
"179" 39.6805596797534 9.77778457210825 9
"180" 39.6813096792723 9.77778457210825 9
"181" 39.6760596826399 9.77703456506763 9
"182" 39.6783096811967 9.77703456506763 9
"183" 39.6790596807156 9.77703456506763 9
"184" 39.6798096802345 9.77703456506763 9
"185" 39.6813096792723 9.77703456506763 9
"186" 39.6760596826399 9.77628455802701 9
"187" 39.6768096821588 9.77628455802701 9
"188" 39.6775596816777 9.77628455802701 9
"189" 39.6783096811967 9.77628455802701 9
"190" 39.6768096821588 9.7755345509864 9
"191" 39.6775596816777 9.7755345509864 9
"192" 39.6760596826399 9.76878448762085 9
"193" 39.6768096821588 9.76878448762085 9
"194" 39.6798096802345 9.72753410038693 9
"195" 39.6790596807156 9.72678409334631 9
"196" 39.6745596836021 9.72603408630569 9
"197" 39.6760596826399 9.72453407222446 9
"198" 39.6715596855264 9.72378406518384 9
"199" 39.6723096850453 9.72378406518384 9
"200" 39.6760596826399 9.72378406518384 9
"201" 39.6723096850453 9.72228405110261 9
"202" 39.6738096840832 9.72228405110261 9
"203" 39.6580596941859 9.70878392437151 9
"204" 39.747309636937 9.64278330479724 9
"205" 39.7458096378992 9.63978327663477 9
"206" 37.0533113649871 9.60978299501011 9
"207" 37.0825613462248 9.59328284011654 9
"208" 39.7323096465587 9.58653277675099 9
"209" 35.8450621400117 9.54828241767954 9
"210" 35.4775623757424 9.50478200932377 9
"211" 37.5670610354452 9.43353134046518 9
"212" 37.8468108560013 9.41853119965285 9
"213" 37.8475608555202 9.41778119261223 9
"214" 37.8475608555202 9.41253114332791 9
"215" 36.9258114467712 9.39078093915003 9
"216" 38.6605603340263 9.37803081945955 9
"217" 38.6605603340263 9.37728081241893 9
"218" 38.6620603330641 9.34203048150994 9
"219" 35.959812066406 9.32403031253514 9
"220" 37.8550608507094 9.31503022804774 9
"221" 37.8655608439742 9.30678015060096 9
"222" 37.541561051802 9.30228010835726 9
"223" 37.542311051321 9.30228010835726 9
"224" 39.0400600905983 9.27677986897629 9
"225" 38.8173102334799 9.27602986193567 9
"226" 38.8195602320367 9.27602986193567 9
"227" 38.8068102402151 9.27227982673259 9
"228" 39.0340600944469 9.27152981969197 9
"229" 39.0325600954091 9.27077981265136 9
"230" 39.033310094928 9.27077981265136 9
"231" 39.0340600944469 9.27077981265136 9
"232" 38.8225602301123 9.26927979857012 9
"233" 39.033310094928 9.26927979857012 9
"234" 38.8413102180853 9.26852979152951 9
"235" 37.5888110214938 9.26777978448889 9
"236" 38.8188102325177 9.26777978448889 9
"237" 38.843560216642 9.26777978448889 9
"238" 37.5858110234182 9.26627977040766 9
"239" 38.8203102315556 9.26552976336704 9
"240" 38.8248102286691 9.26552976336704 9
"241" 38.825560228188 9.26552976336704 9
"242" 37.5903110205317 9.26477975632642 9
"243" 38.7738102613827 9.26477975632642 9
"244" 38.8218102305934 9.26477975632642 9
"245" 38.8225602301123 9.26477975632642 9
"246" 38.8233102296312 9.26477975632642 9
"247" 38.8263102277069 9.26477975632642 9
"248" 38.8293102257826 9.26477975632642 9
"249" 38.8300602253015 9.26477975632642 9
"250" 38.8308102248204 9.26477975632642 9
"251" 37.5910610200506 9.26402974928581 9
"252" 38.8293102257826 9.26402974928581 9
"253" 38.8300602253015 9.26402974928581 9
"254" 38.8300602253015 9.26327974224519 9
"255" 38.8300602253015 9.26252973520457 9
"256" 38.8150602349232 9.26177972816396 9
"257" 38.8158102344421 9.26177972816396 9
"258" 38.816560233961 9.26177972816396 9
"259" 38.8300602253015 9.26177972816396 9
"260" 38.816560233961 9.26102972112334 9
"261" 38.8173102334799 9.26102972112334 9
"262" 38.8300602253015 9.26102972112334 9
"263" 38.8180602329988 9.26027971408272 9
"264" 38.8308102248204 9.26027971408272 9
"265" 38.8375602204907 9.26027971408272 9
"266" 39.0198101035875 9.26027971408272 9
"267" 38.834560222415 9.25952970704211 9
"268" 38.8375602204907 9.25952970704211 9
"269" 39.0235601011821 9.25952970704211 9
"270" 38.8360602214528 9.25877970000149 9
"271" 38.8368102209717 9.25877970000149 9
"272" 38.8375602204907 9.25877970000149 9
"273" 39.0175601050308 9.25877970000149 9
"274" 38.8420602176042 9.25802969296087 9
"275" 38.8428102171231 9.25802969296087 9
"276" 39.0168101055118 9.25802969296087 9
"277" 39.0175601050308 9.25802969296087 9
"278" 39.0183101045497 9.25802969296087 9
"279" 39.0190601040686 9.25802969296087 9
"280" 38.8225602301123 9.25727968592026 9
"281" 38.8233102296312 9.25727968592026 9
"282" 38.8240602291502 9.25727968592026 9
"283" 38.825560228188 9.25727968592026 9
"284" 38.8368102209717 9.25727968592026 9
"285" 38.8405602185663 9.25727968592026 9
"286" 38.8428102171231 9.25727968592026 9
"287" 38.8473102142366 9.25727968592026 9
"288" 39.0138101074362 9.25727968592026 9
"289" 39.0168101055118 9.25727968592026 9
"290" 39.0175601050308 9.25727968592026 9
"291" 39.0183101045497 9.25727968592026 9
"292" 39.0198101035875 9.25727968592026 9
"293" 38.8428102171231 9.25652967887964 9
"294" 39.0198101035875 9.25652967887964 9
"295" 38.8375602204907 9.25577967183902 9
"296" 38.8405602185663 9.25577967183902 9
"297" 38.0913106991682 9.25502966479841 9
"298" 38.8323102238582 9.25502966479841 9
"299" 38.8405602185663 9.25502966479841 9
"300" 38.8413102180853 9.25502966479841 9
"301" 38.8443102161609 9.25502966479841 9
"302" 38.8450602156798 9.25502966479841 9
"303" 36.8883114708253 9.25427965775779 9
"304" 38.8360602214528 9.25427965775779 9
"305" 38.8368102209717 9.25427965775779 9
"306" 38.8383102200096 9.25427965775779 9
"307" 38.8390602195285 9.25427965775779 9
"308" 38.8413102180853 9.25427965775779 9
"309" 38.8420602176042 9.25427965775779 9
"310" 38.8398102190474 9.25352965071717 9
"311" 38.8420602176042 9.25352965071717 9
"312" 38.9950601194632 9.25277964367656 9
"313" 38.8098102382907 9.25202963663594 9
"314" 38.8338102228961 9.25202963663594 9
"315" 38.8375602204907 9.25202963663594 9
"316" 39.015310106474 9.25202963663594 9
"317" 38.8233102296312 9.25127962959532 9
"318" 38.8240602291502 9.25127962959532 9
"319" 38.8300602253015 9.25127962959532 9
"320" 39.0085601108037 9.25127962959532 9
"321" 38.8293102257826 9.2505296225547 9
"322" 38.8338102228961 9.2505296225547 9
"323" 38.8368102209717 9.2505296225547 9
"324" 38.9860601252362 9.2505296225547 9
"325" 38.9920601213876 9.2505296225547 9
"326" 38.9928101209065 9.2505296225547 9
"327" 38.9935601204254 9.2505296225547 9
"328" 39.0048101132092 9.2505296225547 9
"329" 39.0138101074362 9.2505296225547 9
"330" 38.8225602301123 9.24977961551409 9
"331" 38.8240602291502 9.24977961551409 9
"332" 38.8263102277069 9.24977961551409 9
"333" 38.8338102228961 9.24977961551409 9
"334" 38.8398102190474 9.24977961551409 9
"335" 38.8450602156798 9.24977961551409 9
"336" 38.9913101218687 9.24977961551409 9
"337" 38.9920601213876 9.24977961551409 9
"338" 38.9928101209065 9.24977961551409 9
"339" 38.9950601194632 9.24977961551409 9
"340" 39.0048101132092 9.24977961551409 9
"341" 39.0070601117659 9.24977961551409 9
"342" 38.8225602301123 9.24902960847347 9
"343" 38.8315602243393 9.24902960847347 9
"344" 38.8413102180853 9.24902960847347 9
"345" 38.843560216642 9.24902960847347 9
"346" 38.8443102161609 9.24902960847347 9
"347" 38.9913101218687 9.24902960847347 9
"348" 38.9920601213876 9.24902960847347 9
"349" 38.9928101209065 9.24902960847347 9
"350" 38.9943101199443 9.24902960847347 9
"351" 38.9950601194632 9.24902960847347 9
"352" 38.8233102296312 9.24827960143286 9
"353" 38.8413102180853 9.24827960143286 9
"354" 38.8420602176042 9.24827960143286 9
"355" 38.8428102171231 9.24827960143286 9
"356" 38.843560216642 9.24827960143286 9
"357" 38.9905601223497 9.24827960143286 9
"358" 38.9913101218687 9.24827960143286 9
"359" 38.9920601213876 9.24827960143286 9
"360" 38.9928101209065 9.24827960143286 9
"361" 39.0138101074362 9.24827960143286 9
"362" 39.0145601069551 9.24827960143286 9
"363" 39.015310106474 9.24827960143286 9
"364" 39.0160601059929 9.24827960143286 9
"365" 38.8428102171231 9.24752959439224 9
"366" 38.9350601579499 9.24752959439224 9
"367" 38.9898101228308 9.24752959439224 9
"368" 38.9913101218687 9.24752959439224 9
"369" 38.9920601213876 9.24752959439224 9
"370" 38.9928101209065 9.24752959439224 9
"371" 38.9935601204254 9.24752959439224 9
"372" 39.0138101074362 9.24752959439224 9
"373" 39.0145601069551 9.24752959439224 9
"374" 39.015310106474 9.24752959439224 9
"375" 39.0160601059929 9.24752959439224 9
"376" 38.9898101228308 9.24677958735162 9
"377" 39.0123101083983 9.24677958735162 9
"378" 38.9898101228308 9.24602958031101 9
"379" 38.9898101228308 9.24527957327039 9
"380" 38.8120602368475 9.24452956622977 9
"381" 38.8128102363664 9.24452956622977 9
"382" 38.816560233961 9.24452956622977 9
"383" 38.8173102334799 9.24452956622977 9
"384" 38.9898101228308 9.24452956622977 9
"385" 38.9890601233119 9.24377955918916 9
"386" 38.9898101228308 9.24377955918916 9
"387" 38.988310123793 9.24302955214854 9
"388" 38.9890601233119 9.24302955214854 9
"389" 38.9898101228308 9.24302955214854 9
"390" 38.916310169977 9.24227954510792 9
"391" 38.9875601242741 9.24227954510792 9
"392" 38.9890601233119 9.24227954510792 9
"393" 38.9898101228308 9.24227954510792 9
"394" 38.9913101218687 9.24227954510792 9
"395" 38.9860601252362 9.2415295380673 9
"396" 38.9898101228308 9.2415295380673 9
"397" 38.8083102392529 9.24002952398607 9
"398" 38.8045602416583 9.23777950286422 9
"399" 38.798560245507 9.23627948878299 9
"400" 38.9178101690148 9.23627948878299 9
"401" 38.9185601685337 9.23627948878299 9
"402" 38.9845601261984 9.23627948878299 9
"403" 37.6338109926288 9.23477947470176 9
"404" 38.8045602416583 9.23477947470176 9
"405" 38.9860601252362 9.23477947470176 9
"406" 38.9868101247552 9.23477947470176 9
"407" 39.0055601127281 9.23477947470176 9
"408" 38.9860601252362 9.23402946766114 9
"409" 38.99731011802 9.23402946766114 9
"410" 39.0048101132092 9.23402946766114 9
"411" 39.006310112247 9.23402946766114 9
"412" 37.6375609902234 9.23327946062052 9
"413" 37.6383109897423 9.23327946062052 9
"414" 38.9898101228308 9.23327946062052 9
"415" 38.9950601194632 9.23327946062052 9
"416" 39.0078101112848 9.23327946062052 9
"417" 38.9875601242741 9.23252945357991 9
"418" 38.9898101228308 9.23252945357991 9
"419" 39.006310112247 9.23252945357991 9
"420" 39.006310112247 9.23177944653929 9
"421" 38.8893101872959 9.22877941837682 9
"422" 38.9028101786365 9.22877941837682 9
"423" 39.0520600829009 9.22877941837682 9
"424" 38.8923101853716 9.22802941133621 9
"425" 38.9035601781554 9.22802941133621 9
"426" 38.8758101959554 9.22727940429559 9
"427" 38.8968101824851 9.22727940429559 9
"428" 39.051310083382 9.22727940429559 9
"429" 38.8750601964365 9.22652939725497 9
"430" 38.8743101969176 9.22577939021436 9
"431" 38.8750601964365 9.22577939021436 9
"432" 38.8720601983608 9.22502938317374 9
"433" 38.8750601964365 9.22502938317374 9
"434" 38.8803101930689 9.22502938317374 9
"435" 38.9845601261984 9.22502938317374 9
"436" 38.9853101257173 9.22502938317374 9
"437" 39.0445600877118 9.22502938317374 9
"438" 38.8750601964365 9.22427937613312 9
"439" 38.8758101959554 9.22427937613312 9
"440" 38.8900601868149 9.22427937613312 9
"441" 38.8953101834473 9.22427937613312 9
"442" 38.8960601829662 9.22427937613312 9
"443" 38.8803101930689 9.22352936909251 9
"444" 38.8900601868149 9.22352936909251 9
"445" 38.8923101853716 9.22352936909251 9
"446" 38.8803101930689 9.22202935501127 9
"447" 38.9740601329336 9.22052934093004 9
"448" 38.9838101266795 9.22052934093004 9
"449" 39.0475600857874 9.21977933388942 9
"450" 39.0543100814577 9.2190293268488 9
"451" 38.9298101613175 9.21827931980819 9
"452" 38.9950601194632 9.21827931980819 9
"453" 39.0543100814577 9.21827931980819 9
"454" 37.6105610075424 9.21752931276757 9
"455" 38.8773101949933 9.21752931276757 9
"456" 38.8780601945122 9.21752931276757 9
"457" 38.8788101940311 9.21752931276757 9
"458" 38.87956019355 9.21752931276757 9
"459" 38.9575601435174 9.21752931276757 9
"460" 38.8818101921068 9.21677930572696 9
"461" 38.8825601916257 9.21677930572696 9
"462" 38.8833101911446 9.21677930572696 9
"463" 38.8840601906635 9.21677930572696 9
"464" 39.0468100862685 9.21677930572696 9
"465" 38.8675602012473 9.21602929868634 9
"466" 38.8683102007663 9.21602929868634 9
"467" 38.8690602002852 9.21602929868634 9
"468" 38.8698101998041 9.21602929868634 9
"469" 38.870560199323 9.21602929868634 9
"470" 38.8803101930689 9.21602929868634 9
"471" 38.8810601925879 9.21602929868634 9
"472" 38.8818101921068 9.21602929868634 9
"473" 38.8825601916257 9.21602929868634 9
"474" 38.9935601204254 9.21602929868634 9
"475" 38.8660602022095 9.21527929164572 9
"476" 38.8675602012473 9.21527929164572 9
"477" 38.8683102007663 9.21527929164572 9
"478" 38.8713101988419 9.21527929164572 9
"479" 38.8818101921068 9.21527929164572 9
"480" 38.8825601916257 9.21527929164572 9
"481" 38.9928101209065 9.21527929164572 9
"482" 38.9935601204254 9.21527929164572 9
"483" 38.9943101199443 9.21527929164572 9
"484" 38.9950601194632 9.21527929164572 9
"485" 38.8660602022095 9.2145292846051 9
"486" 38.8713101988419 9.2145292846051 9
"487" 38.870560199323 9.21377927756449 9
"488" 38.8713101988419 9.21377927756449 9
"489" 37.6923109551044 9.21227926348325 9
"490" 37.7403109243151 9.21227926348325 9
"491" 38.9665601377444 9.21227926348325 9
"492" 37.7403109243151 9.21152925644264 9
"493" 38.9560601444796 9.21077924940202 9
"494" 37.8280608680284 9.2100292423614 9
"495" 37.8288108675473 9.2100292423614 9
"496" 39.0580600790523 9.20852922828017 9
"497" 38.9748101324525 9.20777922123956 9
"498" 39.0558100804955 9.20777922123956 9
"499" 39.0565600800144 9.20777922123956 9
"500" 39.0580600790523 9.20777922123956 9
"501" 39.0588100785712 9.20777922123956 9
"502" 37.7598109118069 9.20702921419894 9
"503" 39.0580600790523 9.20702921419894 9
"504" 39.0588100785712 9.20702921419894 9
"505" 38.9598101420741 9.20627920715832 9
"506" 39.0543100814577 9.20627920715832 9
"507" 39.0550600809766 9.20627920715832 9
"508" 39.0558100804955 9.20627920715832 9
"509" 39.0573100795334 9.20627920715832 9
"510" 39.0580600790523 9.20627920715832 9
"511" 39.0595600780901 9.20627920715832 9
"512" 39.0543100814577 9.2055292001177 9
"513" 39.0550600809766 9.2055292001177 9
"514" 39.0558100804955 9.2055292001177 9
"515" 39.0580600790523 9.2055292001177 9
"516" 39.0588100785712 9.2055292001177 9
"517" 39.0595600780901 9.2055292001177 9
"518" 39.060310077609 9.2055292001177 9
"519" 38.9590601425552 9.20477919307709 9
"520" 38.9598101420741 9.20477919307709 9
"521" 38.9605601415931 9.20477919307709 9
"522" 38.9710601348579 9.20477919307709 9
"523" 38.9718101343768 9.20477919307709 9
"524" 39.0535600819388 9.20477919307709 9
"525" 39.0543100814577 9.20477919307709 9
"526" 39.0550600809766 9.20477919307709 9
"527" 39.0558100804955 9.20477919307709 9
"528" 39.0565600800144 9.20477919307709 9
"529" 39.0580600790523 9.20477919307709 9
"530" 39.0588100785712 9.20477919307709 9
"531" 39.0595600780901 9.20477919307709 9
"532" 39.060310077609 9.20477919307709 9
"533" 38.9605601415931 9.20402918603647 9
"534" 38.9650601387066 9.20402918603647 9
"535" 39.0550600809766 9.20402918603647 9
"536" 39.0558100804955 9.20402918603647 9
"537" 39.0573100795334 9.20402918603647 9
"538" 38.9605601415931 9.20327917899585 9
"539" 38.9635601396687 9.20327917899585 9
"540" 37.6120610065802 9.20177916491462 9
"541" 37.6098110080235 9.201029157874 9
"542" 38.9575601435174 9.19727912267092 9
"543" 38.9920601213876 9.19727912267092 9
"544" 39.0145601069551 9.19727912267092 9
"545" 38.9545601454417 9.1965291156303 9
"546" 38.9538101459228 9.19577910858969 9
"547" 38.9538101459228 9.19502910154907 9
"548" 38.9748101324525 9.19502910154907 9
"549" 38.9538101459228 9.19352908746784 9
"550" 38.8998101805608 9.19127906634599 9
"551" 38.8938101844094 9.1740289044118 9
"552" 38.897560182004 9.16802884808687 9
"553" 35.4483123945046 9.1605287776807 9
"554" 38.7325602878423 9.15002867911207 9
"555" 38.8323102238582 9.14477862982775 9
"556" 37.4088111369537 9.1425286087059 9
"557" 38.8413102180853 9.1425286087059 9
"558" 38.834560222415 9.14177860166528 9
"559" 38.8330602233772 9.14027858758405 9
"560" 35.5825623083908 9.13727855942158 9
"561" 41.6613084092133 9.13502853829973 9
"562" 41.6620584087322 9.13502853829973 9
"563" 38.8480602137555 9.12827847493418 9
"564" 37.3630611662998 9.12227841860925 9
"565" 38.7565602724476 9.11627836228432 9
"566" 38.762560268599 9.11627836228432 9
"567" 38.7603102700422 9.11477834820308 9
"568" 38.771560262826 9.11327833412185 9
"569" 35.4460623959479 9.11252832708123 9
"570" 37.3848111523484 9.11252832708123 9
"571" 38.7678102652314 9.11252832708123 9
"572" 38.770810263307 9.11252832708123 9
"573" 38.771560262826 9.11252832708123 9
"574" 38.7723102623449 9.11252832708123 9
"575" 38.7775602589773 9.11252832708123 9
"576" 38.7828102556097 9.11252832708123 9
"577" 38.7888102517611 9.11252832708123 9
"578" 38.78956025128 9.11252832708123 9
"579" 38.7903102507989 9.11252832708123 9
"580" 38.7918102498367 9.11252832708123 9
"581" 38.7873102527232 9.11177832004062 9
"582" 38.7888102517611 9.11177832004062 9
"583" 38.78956025128 9.11177832004062 9
"584" 38.7798102575341 9.111028313 9
"585" 38.7880602522421 9.111028313 9
"586" 38.7940602483935 9.111028313 9
"587" 38.8113102373286 9.11027830595938 9
"588" 36.5560616839451 9.10952829891877 9
"589" 36.5590616820207 9.10952829891877 9
"590" 38.8015602435826 9.10952829891877 9
"591" 38.8023102431016 9.10952829891877 9
"592" 36.5553116844262 9.10877829187815 9
"593" 36.5560616839451 9.10877829187815 9
"594" 38.7430602811071 9.10877829187815 9
"595" 38.753560274372 9.10877829187815 9
"596" 38.7543102738909 9.10877829187815 9
"597" 38.7955602474313 9.10727827779692 9
"598" 38.7963102469502 9.10727827779692 9
"599" 38.8225602301123 9.10727827779692 9
"600" 38.7798102575341 9.10577826371568 9
"601" 38.780560257053 9.10577826371568 9
"602" 38.8195602320367 9.10577826371568 9
"603" 38.7798102575341 9.10502825667507 9
"604" 38.780560257053 9.10502825667507 9
"605" 38.8195602320367 9.10502825667507 9
"606" 38.7685602647503 9.10427824963445 9
"607" 38.780560257053 9.10427824963445 9
"608" 38.7828102556097 9.10427824963445 9
"609" 36.5703116748045 9.10277823555322 9
"610" 38.7430602811071 9.10277823555322 9
"611" 38.743810280626 9.10277823555322 9
"612" 38.744560280145 9.10277823555322 9
"613" 38.752810274853 9.10277823555322 9
"614" 38.7415602820693 9.1020282285126 9
"615" 38.744560280145 9.1020282285126 9
"616" 38.752810274853 9.1020282285126 9
"617" 38.753560274372 9.1020282285126 9
"618" 38.6905603147829 9.10127822147198 9
"619" 38.7468102787017 9.10127822147198 9
"620" 38.7505602762963 9.10127822147198 9
"621" 38.752810274853 9.10127822147198 9
"622" 38.753560274372 9.10127822147198 9
"623" 37.7163109397097 9.10052821443137 9
"624" 38.8248102286691 9.10052821443137 9
"625" 38.6523103393182 9.09977820739075 9
"626" 38.6890603157451 9.09827819330951 9
"627" 38.689810315264 9.09827819330951 9
"628" 38.689810315264 9.0975281862689 9
"629" 38.7693102642692 9.0975281862689 9
"630" 38.7700602637881 9.0975281862689 9
"631" 38.8300602253015 9.0975281862689 9
"632" 38.8308102248204 9.0975281862689 9
"633" 38.8315602243393 9.0975281862689 9
"634" 38.6635603321019 9.09527816514705 9
"635" 38.6643103316208 9.09527816514705 9
"636" 38.6703103277722 9.09527816514705 9
"637" 38.7700602637881 9.09527816514705 9
"638" 36.5830616666261 9.09452815810643 9
"639" 38.6635603321019 9.09452815810643 9
"640" 38.6703103277722 9.09452815810643 9
"641" 36.4773117344588 9.09377815106582 9
"642" 38.8143102354042 9.0930281440252 9
"643" 38.7610602695611 9.09227813698458 9
"644" 38.8158102344421 9.09152812994397 9
"645" 38.7700602637881 9.09077812290335 9
"646" 38.8120602368475 9.09077812290335 9
"647" 38.8128102363664 9.09077812290335 9
"648" 38.8135602358853 9.09077812290335 9
"649" 38.8158102344421 9.09077812290335 9
"650" 38.816560233961 9.09077812290335 9
"651" 38.8173102334799 9.09077812290335 9
"652" 38.8180602329988 9.09077812290335 9
"653" 38.7655602666746 9.09002811586273 9
"654" 38.7693102642692 9.09002811586273 9
"655" 38.8113102373286 9.09002811586273 9
"656" 38.8128102363664 9.09002811586273 9
"657" 38.8135602358853 9.09002811586273 9
"658" 38.8150602349232 9.09002811586273 9
"659" 38.816560233961 9.09002811586273 9
"660" 38.7565602724476 9.08927810882212 9
"661" 38.7573102719665 9.08927810882212 9
"662" 38.7580602714855 9.08927810882212 9
"663" 38.7588102710044 9.08927810882212 9
"664" 38.7700602637881 9.08927810882212 9
"665" 38.8143102354042 9.08927810882212 9
"666" 38.816560233961 9.08927810882212 9
"667" 38.8173102334799 9.08927810882212 9
"668" 38.8195602320367 9.08927810882212 9
"669" 38.7558102729287 9.0885281017815 9
"670" 38.7565602724476 9.0885281017815 9
"671" 38.8173102334799 9.0885281017815 9
"672" 38.8180602329988 9.0885281017815 9
"673" 38.8188102325177 9.0885281017815 9
"674" 38.8225602301123 9.0885281017815 9
"675" 38.7558102729287 9.08777809474088 9
"676" 38.7588102710044 9.08777809474088 9
"677" 38.8150602349232 9.08777809474088 9
"678" 38.8158102344421 9.08777809474088 9
"679" 38.816560233961 9.08777809474088 9
"680" 38.8173102334799 9.08777809474088 9
"681" 38.8210602310745 9.08777809474088 9
"682" 38.7610602695611 9.08702808770026 9
"683" 38.8158102344421 9.08702808770026 9
"684" 38.816560233961 9.08702808770026 9
"685" 38.8150602349232 9.08627808065965 9
"686" 38.752810274853 9.08552807361903 9
"687" 38.7520602753341 9.08477806657842 9
"688" 38.8143102354042 9.08477806657842 9
"689" 38.8173102334799 9.08477806657842 9
"690" 38.7505602762963 9.0840280595378 9
"691" 38.7685602647503 9.0840280595378 9
"692" 38.7430602811071 9.08252804545657 9
"693" 38.7505602762963 9.08252804545657 9
"694" 38.8180602329988 9.08252804545657 9
"695" 38.771560262826 9.08177803841595 9
"696" 38.8180602329988 9.08177803841595 9
"697" 38.7498102767774 9.08102803137533 9
"698" 38.7573102719665 9.08102803137533 9
"699" 38.771560262826 9.08102803137533 9
"700" 38.8158102344421 9.08102803137533 9
"701" 38.8203102315556 9.08102803137533 9
"702" 38.8210602310745 9.08102803137533 9
"703" 38.7475602782206 9.08027802433472 9
"704" 38.7505602762963 9.08027802433472 9
"705" 38.770810263307 9.08027802433472 9
"706" 38.8180602329988 9.08027802433472 9
"707" 38.8203102315556 9.08027802433472 9
"708" 38.8210602310745 9.08027802433472 9
"709" 38.8195602320367 9.0795280172941 9
"710" 37.6840609603963 9.07877801025348 9
"711" 38.7648102671557 9.07877801025348 9
"712" 38.7700602637881 9.07877801025348 9
"713" 38.8233102296312 9.07877801025348 9
"714" 38.8240602291502 9.07877801025348 9
"715" 38.7648102671557 9.07802800321286 9
"716" 38.7925602493556 9.07802800321286 9
"717" 38.8233102296312 9.07802800321286 9
"718" 38.7648102671557 9.07727799617225 9
"719" 38.8263102277069 9.07727799617225 9
"720" 38.8285602262637 9.07727799617225 9
"721" 38.8293102257826 9.07727799617225 9
"722" 38.7648102671557 9.07652798913163 9
"723" 38.8270602272258 9.07652798913163 9
"724" 38.8278102267447 9.07652798913163 9
"725" 38.8293102257826 9.07577798209102 9
"726" 38.8300602253015 9.07577798209102 9
"727" 38.8210602310745 9.0750279750504 9
"728" 38.8263102277069 9.0750279750504 9
"729" 38.8248102286691 9.07427796800978 9
"730" 38.8300602253015 9.07352796096917 9
"731" 38.8218102305934 9.07277795392855 9
"732" 38.7963102469502 9.07127793984731 9
"733" 38.8398102190474 9.0705279328067 9
"734" 38.6140603638534 9.06977792576608 9
"735" 38.7970602464691 9.06977792576608 9
"736" 38.4175604898971 9.06752790464423 9
"737" 37.6990609507746 9.06302786240053 9
"738" 37.6998109502935 9.06302786240053 9
"739" 37.7005609498125 9.06302786240053 9
"740" 35.3800624382832 9.05477778495375 9
"741" 35.3800624382832 9.05402777791313 9
"742" 38.7993102450259 9.05027774271005 9
"743" 38.798560245507 9.04952773566943 9
"744" 38.8000602445448 9.04952773566943 9
"745" 38.8008102440637 9.04952773566943 9
"746" 38.798560245507 9.04877772862881 9
"747" 35.3605624507913 9.04502769342573 9
"748" 35.3613124503103 9.04502769342573 9
"749" 35.3620624498292 9.04502769342573 9
"750" 35.3575624527157 9.04427768638511 9
"751" 35.3598124512724 9.04427768638511 9
"752" 35.3613124503103 9.04427768638511 9
"753" 35.3800624382832 9.03977764414141 9
"754" 38.8098102382907 9.03977764414141 9
"755" 37.4410611162672 9.03602760893833 9
"756" 38.7918102498367 9.03377758781648 9
"757" 38.6793103219992 9.02477750332908 9
"758" 38.5623103970481 9.00077727802934 9
"759" 38.6500603407614 8.99177719354194 9
"760" 38.55406040234 8.97677705272961 9
"761" 38.5435604090752 8.96177691191728 9
"762" 37.3225611922783 8.90552638387102 9
"763" 37.3233111917972 8.90552638387102 9
"764" 37.3195611942026 8.90177634866794 9
"765" 37.3218111927594 8.90177634866794 9
"766" 39.2733099409815 8.89802631346486 9
"767" 39.2740599405004 8.89802631346486 9
"768" 38.9388101555445 8.89727630642424 9
"769" 38.9403101545823 8.89727630642424 9
"770" 39.2725599414625 8.89577629234301 9
"771" 38.6770603234424 8.89427627826177 9
"772" 39.2725599414625 8.89427627826177 9
"773" 39.2740599405004 8.89352627122116 9
"774" 39.2748099400193 8.89277626418054 9
"775" 39.277059938576 8.89277626418054 9
"776" 39.277809938095 8.89277626418054 9
"777" 39.277059938576 8.89202625713992 9
"778" 39.2658099457923 8.89127625009931 9
"779" 39.2763099390571 8.89127625009931 9
"780" 39.277059938576 8.89127625009931 9
"781" 38.6800603215181 8.89052624305869 9
"782" 38.6800603215181 8.88977623601807 9
"783" 38.680810321037 8.88977623601807 9
"784" 38.6793103219992 8.88827622193684 9
"785" 39.268059944349 8.88827622193684 9
"786" 39.268809943868 8.88827622193684 9
"787" 39.277809938095 8.88827622193684 9
"788" 39.2650599462734 8.88302617265252 9
"789" 38.9350601579499 8.88077615153067 9
"790" 38.9665601377444 8.88002614449006 9
"791" 38.9673101372633 8.88002614449006 9
"792" 38.9298101613175 8.87552610224636 9
"793" 37.4868110869211 8.87252607408389 9
"794" 37.4868110869211 8.87177606704327 9
"795" 37.0398113736466 8.86727602479957 9
"796" 37.0368113755709 8.8642759966371 9
"797" 37.4823110898076 8.8642759966371 9
"798" 38.455060465843 8.85752593327156 9
"799" 37.0398113736466 8.85152587694662 9
"800" 34.5468129727664 8.84777584174354 9
"801" 37.0435613712411 8.8462758276623 9
"802" 37.0443113707601 8.8462758276623 9
"803" 37.0443113707601 8.84552582062169 9
"804" 37.045061370279 8.84552582062169 9
"805" 37.0518113659492 8.84102577837799 9
"806" 37.4673110994293 8.83052567980936 9
"807" 37.4665610999103 8.82902566572812 9
"808" 37.4448111138617 8.82752565164689 9
"809" 37.8835608324282 8.82752565164689 9
"810" 37.0668113563276 8.8192755742001 9
"811" 37.0675613558465 8.8192755742001 9
"812" 37.0653113572897 8.81777556011887 9
"813" 37.0623113592141 8.8102754897127 9
"814" 37.0623113592141 8.80952548267209 9
"815" 37.7425609228718 8.80202541226592 9
"816" 37.7448109214286 8.80202541226592 9
"817" 37.7440609219096 8.8012754052253 9
"818" 37.406561138397 8.79977539114407 9
"819" 37.4073111379159 8.79977539114407 9
"820" 37.4823110898076 8.7967753629816 9
"821" 37.5588110407371 8.79152531369729 9
"822" 37.5213110647913 8.78852528553482 9
"823" 37.5775610287101 8.78552525737235 9
"824" 35.8090621631037 8.77802518696619 9
"825" 35.8098121626226 8.77802518696619 9
"826" 35.8105621621416 8.77802518696619 9
"827" 37.6300609950343 8.77052511656002 9
"828" 40.4223092039623 8.760775025032 9
"829" 37.4950610816292 8.75852500391015 9
"830" 37.2715612249919 8.7562749827883 9
"831" 37.5648110368885 8.75327495462583 9
"832" 37.60531101091 8.7517749405446 9
"833" 35.7985621698389 8.74502487717905 9
"834" 37.6698109695369 8.74427487013843 9
"835" 35.8945621082603 8.74202484901658 9
"836" 35.8960621072981 8.74202484901658 9
"837" 37.587311022456 8.73977482789473 9
"838" 37.5273110609426 8.73752480677288 9
"839" 37.6540609796396 8.73527478565103 9
"840" 37.6248109984018 8.73452477861042 9
"841" 37.4950610816292 8.73227475748857 9
"842" 37.5490610469912 8.73227475748857 9
"843" 37.6150610046559 8.72702470820425 9
"844" 37.3645611653376 8.7247746870824 9
"845" 37.3653111648565 8.7247746870824 9
"846" 37.3645611653376 8.72327467300117 9
"847" 37.3653111648565 8.72327467300117 9
"848" 37.3645611653376 8.72252466596055 9
"849" 37.3653111648565 8.72252466596055 9
"850" 37.3690611624511 8.72252466596055 9
"851" 37.5655610364074 8.72252466596055 9
"852" 37.6188110022505 8.71877463075747 9
"853" 35.896812106817 8.7112745603513 9
"854" 37.4200611297375 8.70977454627007 9
"855" 35.9403120789142 8.70302448290451 9
"856" 35.9410620784331 8.70302448290451 9
"857" 35.9410620784331 8.7022744758639 9
"858" 35.9410620784331 8.70152446882328 9
"859" 35.9410620784331 8.70077446178266 9
"860" 35.9410620784331 8.70002445474205 9
"861" 35.9410620784331 8.69927444770143 9
"862" 35.9403120789142 8.69852444066082 9
"863" 37.6300609950343 8.6977744336202 9
"864" 37.3360611836188 8.69177437729526 9
"865" 34.7275628568254 8.68652432801095 9
"866" 34.7350628520145 8.68652432801095 9
"867" 34.7268128573064 8.68577432097033 9
"868" 34.7275628568254 8.68577432097033 9
"869" 34.7283128563443 8.68577432097033 9
"870" 34.7290628558632 8.68577432097033 9
"871" 34.7298128553821 8.68577432097033 9
"872" 34.7260628577875 8.68502431392971 9
"873" 34.7268128573064 8.68502431392971 9
"874" 37.5633110378506 8.68502431392971 9
"875" 34.7298128553821 8.68352429984848 9
"876" 34.7178128630794 8.67902425760478 9
"877" 34.722312860193 8.67677423648293 9
"878" 34.7163128640416 8.67227419423923 9
"879" 34.7268128573064 8.67227419423923 9
"880" 34.7245628587497 8.670774180158 9
"881" 36.4165617734265 8.66027408158936 9
"882" 35.7475622025525 8.63552384924901 9
"883" 40.2925592871897 8.61002360986804 9
"884" 38.1168106828114 8.59052342681201 9
"885" 34.5970629405338 8.58527337752769 9
"886" 36.3798117969996 8.47052230031334 9
"887" 40.1943093502116 8.46452224398841 9
"888" 38.5495604052265 8.46302222990717 9
"889" 38.5503104047454 8.46302222990717 9
"890" 34.5918129439014 8.46227222286655 9
"891" 38.5503104047454 8.46227222286655 9
"892" 34.5903129448635 8.46152221582594 9
"893" 40.1575593737846 8.45252213133854 9
"894" 38.9778101305281 8.4375219905262 9
"895" 39.9850594844337 8.43677198348559 9
"896" 40.144809381963 8.42702189195757 9
"897" 40.145559381482 8.42702189195757 9
"898" 37.2273112533758 8.40752170890153 9
"899" 37.2280612528947 8.40752170890153 9
"900" 40.0930594151578 8.40752170890153 9
"901" 40.0960594132334 8.40752170890153 9
"902" 40.0968094127523 8.40752170890153 9
"903" 40.099809410828 8.40752170890153 9
"904" 37.2273112533758 8.40677170186092 9
"905" 39.9258095224393 8.4015216525766 9
"906" 39.9250595229203 8.40077164553598 9
"907" 39.9258095224393 8.40077164553598 9
"908" 39.9198095262879 8.40002163849537 9
"909" 39.9235595238825 8.40002163849537 9
"910" 39.9243095234014 8.40002163849537 9
"911" 39.9250595229203 8.40002163849537 9
"912" 39.9258095224393 8.40002163849537 9
"913" 39.9198095262879 8.39927163145475 9
"914" 39.9205595258069 8.39927163145475 9
"915" 39.9213095253258 8.39927163145475 9
"916" 39.9235595238825 8.39927163145475 9
"917" 39.9243095234014 8.39927163145475 9
"918" 39.9250595229203 8.39927163145475 9
"919" 39.9258095224393 8.39927163145475 9
"920" 39.919059526769 8.39852162441413 9
"921" 39.9198095262879 8.39852162441413 9
"922" 39.9205595258069 8.39852162441413 9
"923" 39.9228095243636 8.39852162441413 9
"924" 39.9235595238825 8.39852162441413 9
"925" 39.9243095234014 8.39852162441413 9
"926" 39.9198095262879 8.39777161737352 9
"927" 39.9205595258069 8.39777161737352 9
"928" 39.9205595258069 8.3970216103329 9
"929" 40.172559364163 8.39627160329228 9
"930" 37.2175612596299 8.39027154696735 9
"931" 37.225811254338 8.38727151880488 9
"932" 37.2265612538569 8.38727151880488 9
"933" 37.2273112533758 8.38727151880488 9
"934" 37.2228112562623 8.3835214836018 9
"935" 37.2228112562623 8.38277147656119 9
"936" 39.8035596008558 8.38277147656119 9
"937" 37.2228112562623 8.38127146247995 9
"938" 40.226559329525 8.37977144839872 9
"939" 39.9153095291744 8.37827143431748 9
"940" 37.2325612500082 8.37752142727687 9
"941" 37.2235612557812 8.37227137799255 9
"942" 39.9250595229203 8.37227137799255 9
"943" 37.2250612548191 8.37152137095193 9
"944" 37.225811254338 8.37152137095193 9
"945" 37.2175612596299 8.3700213568707 9
"946" 37.2183112591488 8.3700213568707 9
"947" 37.2243112553001 8.3700213568707 9
"948" 37.2265612538569 8.36777133574885 9
"949" 37.2783112206622 8.36477130758638 9
"950" 37.3023112052675 8.36477130758638 9
"951" 39.9625594988662 8.35502121605837 9
"952" 37.1823112822408 8.33627104004295 9
"953" 37.2280612528947 8.33627104004295 9
"954" 37.2318112504893 8.33627104004295 9
"955" 37.2325612500082 8.33627104004295 9
"956" 37.2340612490461 8.33552103300233 9
"957" 37.1823112822408 8.33252100483987 9
"958" 35.7400622073634 8.32877096963678 9
"959" 37.171061289457 8.3250209344337 9
"960" 39.9048095359096 8.32352092035246 9
"961" 39.9145595296555 8.31752086402753 9
"962" 38.3598105269405 8.29727067393088 9
"963" 35.436312402202 8.27027042046868 9
"964" 37.180811283203 8.26502037118436 9
"965" 37.180061283684 8.26352035710313 9
"966" 37.1785612846462 8.2620203430219 9
"967" 37.1995612711759 8.23202006139723 9
"968" 39.9115595315798 8.23202006139723 9
"969" 39.7675596239478 8.23052004731599 9
"970" 39.9348095166663 8.22001994874736 9
"971" 39.9678094954986 8.21251987834119 9
"972" 35.2225625393106 8.21176987130058 9
"973" 35.2218125397917 8.21101986425996 9
"974" 35.2225625393106 8.21101986425996 9
"975" 35.2225625393106 8.21026985721934 9
"976" 35.2218125397917 8.20951985017873 9
"977" 35.2218125397917 8.20876984313811 9
"978" 35.2308125340187 8.19826974456948 9
"979" 35.2345625316133 8.19826974456948 9
"980" 35.2300625344998 8.19751973752886 9
"981" 39.9400595132987 8.18251959671652 9
"982" 35.4963123637153 8.17726954743221 9
"983" 39.439809834181 8.16751945590419 9
"984" 35.4820623728559 8.15251931509186 9
"985" 35.5570623247476 8.15176930805124 9
"986" 35.4573123887316 8.15026929397001 9
"987" 36.9378114390738 8.14276922356384 9
"988" 35.4948123646775 8.13301913203582 9
"989" 35.4940623651586 8.13226912499521 9
"990" 35.4948123646775 8.13226912499521 9
"991" 35.4955623641964 8.13151911795459 9
"992" 35.4955623641964 8.13001910387336 9
"993" 37.2460612413487 8.09401876592375 9
"994" 38.2705605841894 8.09401876592375 9
"995" 37.2730612240298 8.07076854766464 9
"996" 39.3850598693001 8.07001854062402 9
"997" 39.4975597971376 8.0512683646086 9
"998" 39.5463097658673 8.04976835052737 9
"999" 39.5470597653862 8.04976835052737 9
"1000" 39.5478097649051 8.04976835052737 9
"1001" 39.5478097649051 8.04901834348675 9
"1002" 39.3603098851758 8.0467683223649 9
"1003" 39.4473098293702 8.03701823083689 9
"1004" 39.4473098293702 8.03626822379627 9
"1005" 37.4253111263699 8.03551821675565 9
"1006" 37.4260611258888 8.03551821675565 9
"1007" 37.4260611258888 8.03476820971504 9
"1008" 37.4268111254077 8.03476820971504 9
"1009" 37.4260611258888 8.03401820267442 9
"1010" 39.4173098486135 8.01826805482147 9
"1011" 39.4248098438027 8.01226799849653 9
"1012" 39.4143098505379 8.0107679844153 9
"1013" 39.2973099255868 8.00476792809037 9
"1014" 39.4098098534244 8.00326791400913 9
"1015" 36.2440618840756 7.99501783656235 9
"1016" 36.2425618850378 7.99426782952173 9
"1017" 39.2883099313598 7.98901778023742 9
"1018" 37.8475608555202 7.9882677731968 9
"1019" 39.2883099313598 7.9882677731968 9
"1020" 39.3445598952786 7.98751776615618 9
"1021" 39.3850598693001 7.98751776615618 9
"1022" 36.222311898027 7.9837677309531 9
"1023" 36.6873115997556 7.98226771687187 9
"1024" 39.250059955895 7.97251762534385 9
"1025" 36.2080619071676 7.96876759014077 9
"1026" 39.2238099727329 7.96726757605953 9
"1027" 39.2245599722519 7.96726757605953 9
"1028" 36.8635614867011 7.9477673930035 9
"1029" 37.1875612788732 7.93576728035363 9
"1030" 37.1883112783921 7.93576728035363 9
"1031" 37.189061277911 7.93576728035363 9
"1032" 37.1868112793543 7.93501727331301 9
"1033" 37.1875612788732 7.93501727331301 9
"1034" 37.1883112783921 7.93501727331301 9
"1035" 37.189061277911 7.93501727331301 9
"1036" 37.1868112793543 7.9342672662724 9
"1037" 37.1875612788732 7.9342672662724 9
"1038" 37.1883112783921 7.9342672662724 9
"1039" 37.1883112783921 7.93351725923178 9
"1040" 37.1875612788732 7.93126723810993 9
"1041" 37.1883112783921 7.93126723810993 9
"1042" 37.189061277911 7.93126723810993 9
"1043" 37.18981127743 7.93126723810993 9
"1044" 37.189061277911 7.93051723106931 9
"1045" 36.9940614029926 7.92751720290685 9
"1046" 37.5040610758562 7.92751720290685 9
"1047" 36.9378114390738 7.92676719586623 9
"1048" 35.5120623536126 7.925267181785 9
"1049" 35.5120623536126 7.92451717474438 9
"1050" 39.1818099996736 7.92226715362253 9
"1051" 39.1825599991925 7.92226715362253 9
"1052" 37.1425613077382 7.89751692128218 9
"1053" 39.4863098043539 7.8937668860791 9
"1054" 39.4653098178242 7.89226687199786 9
"1055" 37.0075613943331 7.8847668015917 9
"1056" 39.2673099448301 7.86451661149504 9
"1057" 39.277059938576 7.86451661149504 9
"1058" 35.4895623680451 7.85176649180456 9
"1059" 35.490312367564 7.85176649180456 9
"1060" 35.4798123742991 7.85026647772333 9
"1061" 35.4925623661207 7.85026647772333 9
"1062" 35.4798123742991 7.84951647068271 9
"1063" 35.4895623680451 7.83751635803284 9
"1064" 39.1990599886087 7.83751635803284 9
"1065" 35.4805623738181 7.83676635099223 9
"1066" 35.481312373337 7.83601634395161 9
"1067" 35.4700623805532 7.82701625946421 9
"1068" 35.47231237911 7.82701625946421 9
"1069" 35.4730623786289 7.82701625946421 9
"1070" 35.4640623844019 7.82401623130174 9
"1071" 35.4700623805532 7.82101620313928 9
"1072" 35.4693123810343 7.80976609753002 9
"1073" 35.4693123810343 7.80901609048941 9
"1074" 36.4713117383074 7.79476595671769 9
"1075" 36.854561492474 7.78876590039276 9
"1076" 36.855311491993 7.78876590039276 9
"1077" 36.8973114650523 7.77676578774289 9
"1078" 36.8965614655334 7.77601578070227 9
"1079" 36.900311463128 7.77601578070227 9
"1080" 36.8200615146039 7.6560146542036 9
"1081" 39.2763099390571 7.59601409095427 9
"1082" 34.7725628279604 7.58551399238563 9
"1083" 39.4893098024296 7.58551399238563 9
"1084" 34.7718128284415 7.58476398534502 9
"1085" 34.7725628279604 7.58476398534502 9
"1086" 34.7733128274793 7.58476398534502 9
"1087" 36.6003116555612 7.55851373892343 9
"1088" 38.9148101709391 7.54126357698925 9
"1089" 38.9058101767121 7.52776345025815 9
"1090" 38.9118101728635 7.52476342209568 9
"1091" 38.9043101776743 7.52251340097383 9
"1092" 38.9050601771932 7.52251340097383 9
"1093" 38.9035601781554 7.52176339393321 9
"1094" 38.9043101776743 7.52176339393321 9
"1095" 38.9050601771932 7.52176339393321 9
"1096" 38.9058101767121 7.52176339393321 9
"1097" 38.9050601771932 7.5210133868926 9
"1098" 38.9275601627607 7.51726335168951 9
"1099" 37.2678112273973 7.51576333760828 9
"1100" 39.286059932803 7.50826326720211 9
"1101" 39.0798100651009 7.49101310526793 9
"1102" 38.8810601925879 7.49026309822731 9
"1103" 38.8818101921068 7.49026309822731 9
"1104" 39.0775600665441 7.49026309822731 9
"1105" 39.0768100670252 7.48951309118669 9
"1106" 34.7365628510524 7.48276302782114 9
"1107" 38.8758101959554 7.47826298557744 9
"1108" 38.8720601983608 7.47451295037436 9
"1109" 38.8675602012473 7.47301293629313 9
"1110" 38.8720601983608 7.47301293629313 9
"1111" 37.1875612788732 7.47226292925251 9
"1112" 38.8720601983608 7.47226292925251 9
"1113" 38.870560199323 7.47151292221189 9
"1114" 38.8713101988419 7.47151292221189 9
"1115" 38.8720601983608 7.47151292221189 9
"1116" 38.870560199323 7.47076291517128 9
"1117" 38.8713101988419 7.47076291517128 9
"1118" 38.9448101516958 7.47076291517128 9
"1119" 38.870560199323 7.47001290813066 9
"1120" 38.8713101988419 7.47001290813066 9
"1121" 37.1815612827219 7.46476285884634 9
"1122" 38.8585602070203 7.46476285884634 9
"1123" 38.8600602060582 7.46476285884634 9
"1124" 38.861560205096 7.46026281660264 9
"1125" 38.8623102046149 7.45951280956203 9
"1126" 35.3785624392453 7.45651278139956 9
"1127" 37.16206129523 7.45051272507463 9
"1128" 37.1875612788732 7.44601268283093 9
"1129" 38.8675602012473 7.44226264762784 9
"1130" 38.8735601973987 7.43776260538414 9
"1131" 37.1268113178409 7.43701259834353 9
"1132" 38.8690602002852 7.43626259130291 9
"1133" 38.8773101949933 7.43626259130291 9
"1134" 38.8788101940311 7.43551258426229 9
"1135" 38.8788101940311 7.43476257722167 9
"1136" 38.87956019355 7.43476257722167 9
"1137" 38.8510602118312 7.43401257018106 9
"1138" 38.8540602099068 7.43401257018106 9
"1139" 39.0648100747225 7.43251255609982 9
"1140" 38.8518102113501 7.43026253497797 9
"1141" 39.1323100314251 7.42951252793736 9
"1142" 38.9448101516958 7.42876252089674 9
"1143" 39.0273100987767 7.42801251385612 9
"1144" 38.8488102132744 7.42726250681551 9
"1145" 38.8495602127933 7.42726250681551 9
"1146" 38.8503102123123 7.42726250681551 9
"1147" 38.8488102132744 7.42651249977489 9
"1148" 38.8495602127933 7.42651249977489 9
"1149" 39.2823099352085 7.42351247161242 9
"1150" 38.8473102142366 7.42276246457181 9
"1151" 38.8480602137555 7.42276246457181 9
"1152" 38.8473102142366 7.42201245753119 9
"1153" 38.9103101738256 7.41376238008441 9
"1154" 38.8570602079825 7.41001234488132 9
"1155" 38.8570602079825 7.40926233784071 9
"1156" 38.8578102075014 7.40926233784071 9
"1157" 38.8585602070203 7.40926233784071 9
"1158" 38.8585602070203 7.40851233080009 9
"1159" 38.8600602060582 7.40776232375947 9
"1160" 38.861560205096 7.40701231671886 9
"1161" 38.8570602079825 7.40626230967824 9
"1162" 38.861560205096 7.40626230967824 9
"1163" 38.8623102046149 7.40626230967824 9
"1164" 38.8630602041338 7.40626230967824 9
"1165" 38.8570602079825 7.40551230263762 9
"1166" 38.8578102075014 7.40551230263762 9
"1167" 38.8593102065393 7.40551230263762 9
"1168" 38.8600602060582 7.40551230263762 9
"1169" 38.861560205096 7.40551230263762 9
"1170" 38.8570602079825 7.40476229559701 9
"1171" 38.8578102075014 7.40476229559701 9
"1172" 38.8585602070203 7.40476229559701 9
"1173" 38.8593102065393 7.40476229559701 9
"1174" 38.8600602060582 7.40476229559701 9
"1175" 38.8608102055771 7.40476229559701 9
"1176" 38.861560205096 7.40476229559701 9
"1177" 38.8623102046149 7.40476229559701 9
"1178" 38.8645602031717 7.40476229559701 9
"1179" 38.8600602060582 7.40401228855639 9
"1180" 38.861560205096 7.40401228855639 9
"1181" 38.8578102075014 7.40326228151577 9
"1182" 38.8608102055771 7.40326228151577 9
"1183" 38.8623102046149 7.40326228151577 9
"1184" 38.8570602079825 7.40251227447516 9
"1185" 38.8578102075014 7.40251227447516 9
"1186" 38.8608102055771 7.40251227447516 9
"1187" 38.861560205096 7.40251227447516 9
"1188" 38.8623102046149 7.40251227447516 9
"1189" 38.8563102084636 7.40176226743454 9
"1190" 38.8570602079825 7.40176226743454 9
"1191" 38.8578102075014 7.40176226743454 9
"1192" 38.8585602070203 7.40176226743454 9
"1193" 38.8638102036528 7.40176226743454 9
"1194" 38.8645602031717 7.40176226743454 9
"1195" 38.8653102026906 7.40176226743454 9
"1196" 38.8585602070203 7.40101226039392 9
"1197" 38.8593102065393 7.40101226039392 9
"1198" 38.861560205096 7.40101226039392 9
"1199" 38.8653102026906 7.40101226039392 9
"1200" 39.3475598933542 7.40101226039392 9
"1201" 38.8600602060582 7.39201217590652 9
"1202" 36.9400614376306 7.39126216886591 9
"1203" 38.8593102065393 7.39126216886591 9
"1204" 38.8600602060582 7.39126216886591 9
"1205" 38.8608102055771 7.39051216182529 9
"1206" 36.1345619543137 7.37551202101296 9
"1207" 36.1353119538326 7.37551202101296 9
"1208" 36.7803115401013 7.37476201397234 9
"1209" 36.1330619552759 7.37251199285049 9
"1210" 36.1338119547948 7.37251199285049 9
"1211" 36.1338119547948 7.37176198580987 9
"1212" 38.934310158431 7.36201189428186 9
"1213" 34.5445629742096 7.36051188020062 9
"1214" 36.122561962011 7.35451182387569 9
"1215" 38.8900601868149 7.34476173234767 9
"1216" 38.8623102046149 7.34251171122582 9
"1217" 38.8668102017284 7.34026169010397 9
"1218" 38.8675602012473 7.34026169010397 9
"1219" 36.1465619466164 7.33501164081965 9
"1220" 38.8173102334799 7.32226152112917 9
"1221" 38.825560228188 7.32226152112917 9
"1222" 41.0455588041824 7.32226152112917 9
"1223" 38.8173102334799 7.32151151408855 9
"1224" 38.8180602329988 7.32076150704794 9
"1225" 38.8180602329988 7.32001150000732 9
"1226" 38.8158102344421 7.31851148592609 9
"1227" 38.816560233961 7.31701147184485 9
"1228" 38.8203102315556 7.31551145776362 9
"1229" 37.7688109060339 7.314761450723 9
"1230" 38.8135602358853 7.314761450723 9
"1231" 39.0730600694306 7.314761450723 9
"1232" 39.2875599318409 7.314761450723 9
"1233" 38.8203102315556 7.30951140143869 9
"1234" 38.8180602329988 7.30876139439807 9
"1235" 38.8195602320367 7.30876139439807 9
"1236" 38.8203102315556 7.30876139439807 9
"1237" 38.8180602329988 7.30801138735745 9
"1238" 38.8188102325177 7.30801138735745 9
"1239" 38.8195602320367 7.30801138735745 9
"1240" 38.8203102315556 7.30801138735745 9
"1241" 38.8210602310745 7.30801138735745 9
"1242" 38.8218102305934 7.30801138735745 9
"1243" 38.8225602301123 7.30801138735745 9
"1244" 38.8233102296312 7.30801138735745 9
"1245" 38.8180602329988 7.30726138031684 9
"1246" 38.8188102325177 7.30726138031684 9
"1247" 38.8195602320367 7.30726138031684 9
"1248" 38.8203102315556 7.30726138031684 9
"1249" 38.8210602310745 7.30726138031684 9
"1250" 38.8218102305934 7.30726138031684 9
"1251" 38.8188102325177 7.30651137327622 9
"1252" 38.8195602320367 7.30651137327622 9
"1253" 38.8203102315556 7.30651137327622 9
"1254" 38.8210602310745 7.30651137327622 9
"1255" 38.8188102325177 7.3057613662356 9
"1256" 38.8195602320367 7.3057613662356 9
"1257" 38.8203102315556 7.3057613662356 9
"1258" 38.8225602301123 7.3057613662356 9
"1259" 38.8180602329988 7.30501135919499 9
"1260" 38.8188102325177 7.30501135919499 9
"1261" 38.8195602320367 7.30501135919499 9
"1262" 38.8218102305934 7.30501135919499 9
"1263" 38.8225602301123 7.30501135919499 9
"1264" 38.8248102286691 7.30501135919499 9
"1265" 38.825560228188 7.30501135919499 9
"1266" 38.952310146885 7.30501135919499 9
"1267" 38.8210602310745 7.30426135215437 9
"1268" 38.8240602291502 7.30426135215437 9
"1269" 38.8248102286691 7.30426135215437 9
"1270" 38.8188102325177 7.30276133807314 9
"1271" 38.9350601579499 7.29976130991067 9
"1272" 38.9358101574688 7.29976130991067 9
"1273" 35.2300625344998 7.28851120430142 9
"1274" 34.6203129256202 7.269761028286 9
"1275" 34.6248129227337 7.26826101420477 9
"1276" 35.3245624738833 7.22326059176777 9
"1277" 35.3245624738833 7.22251058472715 9
"1278" 38.7873102527232 7.20751044391482 9
"1279" 40.3150592727572 7.2022603946305 9
"1280" 34.6098129323554 7.19176029606186 9
"1281" 34.6008129381284 7.18501023269631 9
"1282" 34.6000629386095 7.1842602256557 9
"1283" 34.6008129381284 7.1842602256557 9
"1284" 34.6023129371662 7.1842602256557 9
"1285" 36.0655619985733 7.1752601411683 9
"1286" 38.6673103296965 7.1707600989246 9
"1287" 38.6748103248857 7.16551004964028 9
"1288" 36.5065617156965 7.16476004259966 9
"1289" 38.6598103345073 7.14975990178733 9
"1290" 39.5853097408509 7.14000981025931 9
"1291" 37.1448113062949 7.09800941598478 9
"1292" 34.6158129285067 7.08900933149738 9
"1293" 38.7993102450259 7.05825904283209 9
"1294" 38.798560245507 7.05750903579148 9
"1295" 38.8120602368475 7.05150897946654 9
"1296" 38.8143102354042 7.05000896538531 9
"1297" 39.5425597682727 7.02225870488249 9
"1298" 39.53055977597 6.96975821203932 9
"1299" 39.964809497423 6.96825819795809 9
"1300" 39.9588095012716 6.96375815571439 9
"1301" 35.3418124628184 6.95250805010514 9
"1302" 39.3198099111543 6.89550751501827 9
"1303" 39.5748097475861 6.82725687432215 9
"1304" 39.5875597394077 6.82650686728153 9
"1305" 39.7128096590668 6.82575686024092 9
"1306" 39.4450598308135 6.82125681799721 9
"1307" 39.4998097956944 6.81900679687536 9
"1308" 39.7075596624344 6.81750678279413 9
"1309" 35.9208120914224 6.81525676167228 9
"1310" 39.4203098466892 6.81000671238796 9
"1311" 35.5180623497639 6.79650658565686 9
"1312" 38.6373103489398 6.79275655045378 9
"1313" 39.1750600040033 6.79050652933193 9
"1314" 39.2088099823546 6.78525648004761 9
"1315" 39.304809920776 6.77700640260083 9
"1316" 39.0633100756847 6.77475638147898 9
"1317" 38.9898101228308 6.77250636035713 9
"1318" 39.2470599578194 6.76725631107281 9
"1319" 39.0325600954091 6.75975624066665 9
"1320" 39.2073099833168 6.75000614913863 9
"1321" 40.0570594382498 6.74925614209801 9
"1322" 39.1698100073709 6.74475609985431 9
"1323" 39.1705600068898 6.74475609985431 9
"1324" 39.1713100064087 6.74475609985431 9
"1325" 38.6650603311397 6.74250607873246 9
"1326" 39.1668100092952 6.74175607169184 9
"1327" 39.1683100083331 6.74100606465123 9
"1328" 39.1668100092952 6.74025605761061 9
"1329" 39.1668100092952 6.73950605056999 9
"1330" 39.3250599077867 6.73275598720444 9
"1331" 39.4525598260026 6.71925586047334 9
"1332" 39.0025601146524 6.71475581822964 9
"1333" 38.7160602984261 6.71025577598594 9
"1334" 37.7163109397097 6.70725574782348 9
"1335" 39.4105598529433 6.70275570557978 9
"1336" 39.783309613845 6.69000558588929 9
"1337" 38.8773101949933 6.67050540283326 9
"1338" 39.3723098774785 6.66675536763017 9
"1339" 39.4375598356243 6.66225532538647 9
"1340" 39.2800599366517 6.65775528314277 9
"1341" 39.2800599366517 6.65700527610216 9
"1342" 39.0828100631765 6.65475525498031 9
"1343" 39.4323098389919 6.63750509304612 9
"1344" 39.2200599751383 6.63225504376181 9
"1345" 36.2755618638701 6.63075502968057 9
"1346" 36.2800618609836 6.62850500855872 9
"1347" 39.105310048744 6.62775500151811 9
"1348" 39.2020599866843 6.62400496631502 9
"1349" 35.4378124012398 6.62250495223379 9
"1350" 38.8450602156798 6.61200485366516 9
"1351" 39.2073099833168 6.60825481846207 9
"1352" 39.20505998476 6.60750481142145 9
"1353" 39.097060054036 6.60225476213714 9
"1354" 39.1293100333494 6.59025464948727 9
"1355" 39.5050597923268 6.59025464948727 9
"1356" 39.2658099457923 6.58800462836542 9
"1357" 39.5545597605753 6.58350458612172 9
"1358" 39.5560597596132 6.58350458612172 9
"1359" 39.6100597249752 6.58350458612172 9
"1360" 39.1135600434521 6.58050455795925 9
"1361" 36.7698115468364 6.57975455091864 9
"1362" 39.602559729786 6.5647544101063 9
"1363" 39.3820598712244 6.55500431857829 9
"1364" 39.2200599751383 6.55425431153767 9
"1365" 39.8695595585205 6.51750396654745 9
"1366" 39.0280600982956 6.49350374124772 9
"1367" 38.1340606717465 6.45375336809503 9
"1368" 39.1375600280575 6.45000333289195 9
"1369" 39.6220597172779 6.44175325544516 9
"1370" 40.3368092588058 6.42000305126728 9
"1371" 39.0738100689495 6.41475300198296 9
"1372" 39.5793097446996 6.40575291749556 9
"1373" 38.0928106982061 6.40200288229248 9
"1374" 39.3475598933542 6.37350261474904 9
"1375" 39.2643099467545 6.33825228384006 9
"1376" 39.5193097831862 6.32100212190588 9
"1377" 37.7718109041096 6.25500150233161 9
"1378" 39.4690598154188 6.23925135447866 9
"1379" 39.4698098149377 6.23850134743804 9
"1380" 39.0175601050308 6.21225110101645 9
"1381" 36.6348116334314 6.13725039695478 9
"1382" 36.638561631026 6.13725039695478 9
"1383" 36.6303116363179 6.13500037583293 9
"1384" 36.6423116286205 6.12225025614245 9
"1385" 38.7550602734098 6.10725011533012 9
"1386" 36.7473115612689 6.09825003084272 9
"1387" 38.7723102623449 6.09525000268025 9
"1388" 38.7723102623449 6.09449999563963 9
"1389" 38.7730602618638 6.09449999563963 9
"1390" 38.7730602618638 6.09374998859901 9
"1391" 38.7738102613827 6.0929999815584 9
"1392" 39.4098098534244 6.08624991819285 9
"1393" 37.5925610190884 6.03674945351215 9
"1394" 36.6100616493071 6.0299993901466 9
"1395" 38.1280606755952 6.01049920709056 9
"1396" 38.1280606755952 6.00974920004995 9
"1397" 38.1280606755952 6.00899919300933 9
"1398" 37.7628109098826 6.00299913668439 9
"1399" 37.7628109098826 6.00224912964378 9
"1400" 36.6400616300638 5.97374886210034 9
"1401" 37.3150611970891 5.96249875649109 9
"1402" 39.3100599174084 5.92124836925717 9
"1403" 36.574811671918 5.90774824252607 9
"1404" 36.5800616685504 5.90474821436361 9
"1405" 38.9230601656472 5.89274810171374 9
"1406" 38.9410601541012 5.89049808059189 9
"1407" 38.9388101555445 5.88974807355127 9
"1408" 38.9395601550634 5.88974807355127 9
"1409" 38.9403101545823 5.88974807355127 9
"1410" 38.9410601541012 5.88974807355127 9
"1411" 38.9418101536201 5.88974807355127 9
"1412" 38.942560153139 5.88974807355127 9
"1413" 38.9373101565066 5.88899806651066 9
"1414" 38.9380601560255 5.88899806651066 9
"1415" 39.1360600290196 5.88599803834819 9
"1416" 39.1368100285386 5.88599803834819 9
"1417" 39.1443100237277 5.88524803130757 9
"1418" 39.1443100237277 5.88449802426696 9
"1419" 39.133060030944 5.88149799610449 9
"1420" 39.1225600376791 5.87999798202326 9
"1421" 39.1165600415278 5.87924797498264 9
"1422" 39.250059955895 5.87849796794202 9
"1423" 39.1293100333494 5.87774796090141 9
"1424" 39.1300600328683 5.87774796090141 9
"1425" 39.1308100323872 5.87774796090141 9
"1426" 39.1533100179547 5.87774796090141 9
"1427" 39.1300600328683 5.87699795386079 9
"1428" 39.1308100323872 5.87699795386079 9
"1429" 39.1300600328683 5.87624794682017 9
"1430" 39.151060019398 5.87624794682017 9
"1431" 39.1525600184358 5.87624794682017 9
"1432" 39.2425599607059 5.87024789049524 9
"1433" 39.0145601069551 5.86874787641401 9
"1434" 39.0220601021443 5.86649785529215 9
"1435" 39.0228101016632 5.86649785529215 9
"1436" 39.0213101026253 5.86574784825154 9
"1437" 39.0220601021443 5.86574784825154 9
"1438" 39.015310106474 5.85824777784537 9
"1439" 39.0160601059929 5.85749777080476 9
"1440" 38.8495602127933 5.8552477496829 9
"1441" 38.8495602127933 5.85449774264229 9
"1442" 38.8495602127933 5.85374773560167 9
"1443" 39.1398100266142 5.85224772152044 9
"1444" 38.7700602637881 5.8327475384644 9
"1445" 38.9500601483282 5.83199753142379 9
"1446" 38.9365601569877 5.82749748918009 9
"1447" 38.9380601560255 5.82749748918009 9
"1448" 36.7368115680041 5.79899722163665 9
"1449" 38.7048103056424 5.79899722163665 9
"1450" 38.500060436978 5.79524718643357 9
"1451" 38.6500603407614 5.75924684848397 9
"1452" 38.897560182004 5.75849684144335 9
"1453" 36.5845616656639 5.75699682736212 9
"1454" 38.8923101853716 5.75699682736212 9
"1455" 38.5848103826156 5.73524662318423 9
"1456" 36.6700616108205 5.72774655277806 9
"1457" 38.8383102200096 5.68574615850353 9
"1458" 38.8398102190474 5.68574615850353 9
"1459" 39.1225600376791 5.64074573606653 9
"1460" 38.4963104393834 5.6392457219853 9
"1461" 38.2540605947732 5.54774486303006 9
"1462" 40.362309242449 5.4374938280594 9
"1463" 39.7375596431911 5.31824270860135 9
"1464" 39.5703097504726 5.26874224392065 9
"1465" 39.6228097167968 5.21774176515871 9
"1466" 39.6558096956291 5.20574165250884 9
"1467" 39.6325597105427 5.18249143424972 9
"1468" 39.5950597345969 5.16899130751862 9
"1469" 39.638559706694 5.16524127231554 9
"1470" 39.6250597153535 5.12324087804101 9
"1471" 39.6250597153535 5.12099085691916 9
